[print-page-setup]
PPDName=A4
DisplayName=A4
Width=210
Height=297
MarginTop=2.9986111111111109
MarginBottom=5.0729444848166567
MarginLeft=3.4007778988944155
MarginRight=3.3019948323567707
Orientation=portrait
